
95 27 90 49 80 58 6 9 18 50

27 90 49 80 58 6 9 18 50 [95] R
[6] 27 90 49 80 58 9 18 50 [95]L
[6]27 49 80 58 9 18 50[90 95]R
[6 9]27 49 80 58 18 50[90 95]L
[6 9]27 49 58 18 50[80 90 95]R
[6 9 18]27 49 58 50[80 90 95]L
[6 9 18]27 49 58 50[80 90 95]R
[6 9 18 27 49 50][58 80 90 95]L

R
27 90 49 80 58 6 9 18 50 [95]
27 49 80 58 6 9 18 50 [90 95]
27 49 58 6 9 18 50 [80 90 95]
27 49 6 9 18 50 [58 80 90 95]
27 6 9 18 49 [50 58 80 90 95]
6 9 18 [27 49 50 58 80 90 95]


L

guaranteed 保證的
翻譯
泡沫排序在對較長的陣列排序較為低效，做下簡單的修改來改善他的表現:
a)	假設有10個數字
	第一階段過後，最大的數字保證會在陣列的最大元素值內;
	第二階段過後，次大的數字也將"到位".....以此類推
	而不是每次都比較九次，改良泡沫排序變成每一階段減少一次比較
	(一階九次、二結八次、三階七次......以此類推)

b)	也許資料陣列已經被排好了或接近排好了，如果他能滿足排更少階段 那為什麼要做九階?
	修改排序演算法，在每一個階段交換的最後檢查下，
	如果沒有被交換，代表資料已被排好，program該終止了
	如果還能夠交換的話，代表資料還需要至少一個階段。



